Id,SalePrice
1461,119044.60199079232
1462,153621.56764666887
1463,178502.53819848492
1464,182564.88939165988
1465,221601.09823663684
1466,167020.13629589428
1467,169622.84769788338
1468,152830.08588654362
1469,207858.58194863505
1470,111426.82670526975
1471,184754.09368480882
1472,100641.5929005543
1473,97063.11628214177
1474,146986.84225227905
1475,106819.59153239278
1476,353250.3072282979
1477,284253.3573250347
1478,299627.07974766975
1479,304470.3669277703
1480,462154.11289137765
1481,316098.1144572572
1482,220054.73706369032
1483,181876.63883566647
1484,164771.13736319088
1485,184282.624700211
1486,196015.29225369287
1487,320569.835012033
1488,224457.28510935127
1489,214308.8100734593
1490,243501.87781104702
1491,208960.27659353556
1492,100813.57648737927
1493,166990.78626231197
1494,325151.45979350235
1495,287473.4377723369
1496,238948.6388087205
1497,173675.90327538433
1498,180011.07214013964
1499,164669.22404630878
1500,151082.2783142418
1501,204146.52339727536
1502,134450.02295572753
1503,313860.9924217637
1504,237197.2691887489
1505,224837.57075338368
1506,187840.2726843136
1507,263843.35404166137
1508,209236.46972299623
1509,155449.6547424735
1510,149309.05603099253
1511,173333.86768736166
1512,182132.27000380587
1513,147768.7487992996
1514,173982.2663800366
1515,213028.56626377243
1516,153173.09380112984
1517,172491.68557195563
1518,112820.99268166267
1519,233894.78618674132
1520,126496.14422865456
1521,137829.68150939734
1522,192897.34032981226
1523,104284.78460076556
1524,111318.61500584532
1525,117493.0844862652
1526,97293.88456426014
1527,100787.95098641969
1528,125968.97891077737
1529,162961.60547372105
1530,211753.63977991743
1531,141696.17523942515
1532,103329.3677701843
1533,177590.47373704775
1534,122067.2819208419
1535,150215.06247494195
1536,95939.85343062703
1537,50555.75076847058
1538,160558.9937396082
1539,214600.71705038077
1540,129816.45232103951
1541,139932.5713944143
1542,158649.51642701018
1543,205120.57744406804
1544,89982.66473914147
1545,124812.67430334666
1546,149461.8582832379
1547,160257.14852968033
1548,155288.67664177355
1549,139262.31807806762
1550,148508.44454311533
1551,114140.91126225516
1552,152664.0512548685
1553,166335.58284648752
1554,107975.34852886258
1555,163830.12519839196
1557,120068.8475792912
1558,97787.34990485839
1559,57729.4438814075
1560,129903.48919386615
1561,127783.05948532524
1562,133674.80781084672
1563,125105.63664360123
1564,161700.93740487436
1565,143043.3817509259
1566,237289.2441398463
1567,65455.41178304795
1568,231834.52777862747
1569,126388.56914892432
1570,130793.40381341847
1571,100156.0410163051
1572,150817.6662498681
1573,263542.4360118349
1574,141600.37248063087
1575,244859.47768441646
1576,241086.29543374164
1577,182277.42821220146
1578,138040.83994373272
1579,137839.72840330238
1580,189220.81352513423
1581,151388.59123094904
1582,129669.90669396683
1583,304986.3850792282
1584,224009.02619118406
1585,140049.44161662867
1586,57162.91646982718
1587,99207.92223756853
1588,168870.87705462787
1589,97990.39453003381
1590,129477.60848896473
1591,99404.18327208981
1592,120605.58715838753
1593,128303.02202947985
1594,154316.05777319358
1595,123470.6773224601
1596,239335.9533616783
1597,204059.36725111294
1598,215600.39678312757
1599,199320.4043385837
1600,182072.76746663044
1601,49025.64411789004
1602,128464.29762787791
1603,48459.36350553611
1604,275890.97534740716
1605,236987.81357331807
1606,152750.8929570932
1607,166225.80913940154
1608,200120.35137825622
1609,202669.93618110335
1610,146313.7011553098
1611,128826.7728651939
1612,185236.06318845833
1613,157181.44075879944
1614,136669.64369746787
1615,92797.18719230569
1616,66287.37121040537
1617,75186.93149364484
1618,126714.5809200831
1619,150981.3084453669
1620,181115.22640113067
1621,136092.88711689843
1622,138183.84693797736
1623,265195.33307324885
1624,219089.3308355203
1625,120647.05915238126
1626,172634.56354082725
1627,186941.83601382654
1628,277636.69108994806
1629,170175.5337053322
1630,373709.8356619817
1631,254967.09463833552
1632,265529.03000887414
1633,174214.35147851333
1634,176616.6642358813
1635,172286.95568597142
1636,138418.8524505475
1637,194970.34338016657
1638,189497.33470443205
1639,176367.5097702389
1640,245988.05963047966
1641,176096.17657056404
1642,247868.2694147341
1643,225817.4109824046
1644,224370.31481402274
1645,238381.65570292925
1646,153560.1090922393
1647,141290.55670670548
1648,126486.72417558404
1649,124960.73263279
1650,97956.43132386717
1651,105313.70284248586
1652,98778.78866678663
1653,101152.25956266047
1654,142918.6555880342
1655,138984.71791459725
1656,140216.65198770736
1657,149831.29660939972
1658,143368.98173517862
1659,116699.38548900618
1660,149552.7924423666
1661,417535.6324688201
1662,376867.53895832156
1663,367497.4319057702
1664,514604.11218950176
1665,302805.2180733455
1666,326597.204819573
1667,356391.149224092
1668,340623.3435494115
1669,305916.64194344403
1670,340242.5899368196
1671,296726.2338032612
1672,410581.32269130927
1673,307998.03216807405
1674,265552.3983209885
1675,224589.38361376058
1676,229447.40364889358
1677,230254.91854113783
1678,463587.3817141061
1679,376864.41019223176
1680,318915.5403687068
1681,255016.9558642524
1682,324163.3918345204
1683,203490.8957695819
1684,173768.6735121205
1685,176546.10541320685
1686,158799.05209852883
1687,172925.38687225233
1688,185022.46179844334
1689,192262.77524015156
1690,193237.99191397475
1691,180926.54320810316
1693,186874.52320198203
1694,171125.60207247175
1695,166214.1652594651
1696,273034.29478393996
1697,167035.3069442117
1698,347947.49896048766
1699,340116.2925880661
1700,266888.45759490586
1701,282587.5387950016
1702,243838.42687169602
1703,229002.84411389113
1704,280775.29121886357
1705,237485.235655569
1706,158371.95421969984
1708,209635.14858374302
1709,258582.46476392192
1710,220411.1250006673
1711,253067.16979561257
1712,262248.2683869222
1713,269717.9901726118
1714,216615.2835072244
1715,208638.1267868504
1716,193620.26733283442
1717,173762.6359653098
1718,152282.08453908074
1719,232608.41419949615
1720,247897.45930429734
1721,153382.39617786743
1722,119414.5223769506
1723,145872.9860201676
1724,226687.18920067686
1725,243220.59969205118
1726,183045.53304202983
1727,167226.41409867315
1728,159758.03506648215
1729,168315.99757821846
1730,159489.55755726632
1731,123020.99342972983
1732,129986.63004749897
1733,118110.60784263548
1734,123073.08516831545
1735,104757.19933404203
1736,97150.0989376969
1737,298111.25444487506
1738,247852.26437223132
1739,266047.0326715498
1740,227276.75121613382
1741,195820.60722153587
1742,174970.98560290586
1743,172142.8053244556
1744,311563.9179159951
1745,242837.14014623407
1746,180893.44495008898
1747,227334.65105285565
1748,226468.31356865133
1749,143081.81976712344
1750,126257.05594963487
1751,238592.4509804845
1752,102829.43413483177
1753,154365.99734464637
1754,193171.79195001512
1755,167302.15754864435
1756,139724.1863560984
1757,116546.84200867079
1758,142110.5298801522
1759,159109.91628498374
1760,170238.44512206374
1761,157253.9951229276
1762,182563.23904525244
1763,183092.15213020542
1764,110725.19588915259
1765,192285.08580835327
1766,194047.92406421958
1767,236525.4578262797
1768,141973.93200586643
1769,153693.54809336667
1770,160832.66280426458
1771,122632.17087075952
1772,145849.32564900082
1773,101256.22522736771
1774,157889.64929046202
1775,147360.65176659415
1776,140533.53870573908
1777,96942.9611875983
1778,153579.201292346
1779,146388.95365000714
1780,155130.87793194456
1781,122136.28252056788
1782,73658.00824987015
1783,137097.62598844373
1784,92640.17142675712
1785,132133.42402521905
1786,129190.89725699264
1787,152251.05538499635
1788,43982.82392786443
1789,113450.52129590162
1790,60394.81971042184
1791,203706.8194056817
1792,162772.7019077493
1793,137036.69733451866
1794,173186.66089070844
1795,138587.3216269575
1796,131891.3526564336
1797,124290.00486962066
1798,124595.48797376966
1799,99630.5316678253
1800,131778.44110526855
1801,109672.76851570792
1802,108953.11335920542
1803,155675.58809238835
1804,120627.60466440208
1805,139955.81598227902
1806,138053.76193669217
1807,163825.83606066252
1808,121740.31346155808
1809,134854.4924090274
1810,144237.27001496404
1811,67905.5002927311
1812,111137.94246001716
1813,129782.95990291622
1814,92350.89683140337
1815,39373.033369242214
1816,98942.29517069727
1817,108405.7071733441
1818,164420.58015170693
1819,116808.83009506366
1820,32202.52628474729
1821,89666.98291669076
1822,156183.59843579272
1823,23408.746966565028
1824,146923.0751562689
1825,147403.6061766349
1826,101992.8881961141
1827,107267.47546734975
1828,153285.40463818505
1829,144735.386526627
1830,160388.7989035718
1831,149451.30925589136
1832,81374.02790059708
1833,146923.64643753134
1834,111385.92252873769
1835,124039.43811613054
1836,135289.04196602083
1837,119894.85439334367
1838,105484.78114337311
1839,88678.43687944836
1840,148743.8726227429
1841,125525.08529911994
1842,79735.94878641947
1843,139993.86068827065
1844,142295.41335127095
1845,139115.44541946554
1846,163763.2824345536
1847,166795.7593902438
1848,33294.10225364461
1849,96536.16703780484
1850,116598.88330185751
1851,155844.76111444016
1852,114951.93835876265
1853,121600.70062356326
1854,164934.79928111366
1855,159233.2286704093
1856,217559.84868072497
1857,112441.09011686977
1858,144317.53771161323
1859,105073.73257246439
1860,154003.85090702423
1861,112842.76375310251
1862,273830.3267060487
1863,261609.02790432388
1864,261627.40253801097
1865,334097.4112756937
1866,300450.7057270061
1867,220624.2862273897
1868,292651.925880698
1869,213903.743697603
1870,229297.93257169228
1871,238028.9508451114
1872,176015.94321272336
1873,248906.49606305663
1874,125902.84170523263
1875,172980.02064729435
1876,188639.1520506182
1877,211161.9556834827
1878,194828.32239732856
1879,133749.9371559642
1880,123601.76077409484
1881,257024.8362656755
1882,242831.22193793103
1884,203322.3970499502
1885,222388.83738426992
1886,272699.9083857634
1887,222611.47221438691
1888,270643.5991205877
1889,164675.92019064305
1890,103350.89950589486
1891,90989.8584193521
1892,103476.8418402269
1893,142579.04710038635
1894,119245.54212753603
1895,146595.11060810182
1896,123397.07997866033
1897,136732.85007521324
1898,93964.28737606038
1899,159889.20680992422
1900,158743.03746055637
1901,181983.2169327418
1902,182750.18512686843
1903,226473.86511800135
1904,143552.42965531675
1905,205529.93861599453
1906,129358.50805267098
1907,249458.2745830334
1908,110039.12339356891
1909,137641.7526387598
1910,133587.0260640391
1911,229955.7585741456
1912,307434.01122587966
1913,158731.44647486985
1914,53156.01651883987
1915,320194.45228748815
1917,257421.82812462468
1918,129243.75262728217
1919,170804.61595437268
1920,161027.03102972533
1921,360174.69462391245
1922,318334.3002214279
1923,249301.4598339115
1924,233796.22813251358
1925,214360.81467532658
1926,361008.689840093
1927,131684.71581196517
1928,158723.57624458824
1929,129134.05186788004
1930,125652.62923634122
1931,126072.86731021595
1932,124489.15084044705
1933,179602.6064528136
1934,177127.05638584332
1935,160981.30682037643
1936,198052.65766694327
1937,165505.74857519928
1938,166337.23429540114
1939,284025.3845137758
1940,216717.41204884637
1941,161455.99022984598
1942,154682.82428649557
1943,235603.03878522187
1944,345933.6167571978
1945,377631.4546217992
1947,90257.67387277668
1948,165352.34367179603
1949,224866.13457089197
1950,189485.87981702294
1951,264663.3950688946
1952,230066.47291540052
1953,192285.23847284645
1954,186209.55455226777
1955,136468.03648400563
1956,282437.2471695766
1957,144696.26164511987
1958,249761.26279910852
1959,138151.25104009965
1960,91693.97076528089
1961,124369.17291272106
1962,102420.98930143821
1963,113992.97526143189
1964,102178.33083669143
1965,136728.83504347655
1966,137043.82451620244
1967,325682.15462893713
1968,404808.1244315016
1969,371922.2749412871
1970,386259.34031952405
1971,434881.20523613796
1972,376834.35509002616
1973,298250.40917293564
1974,325257.40912251035
1975,567007.2165473369
1976,304509.5818583666
1977,384599.1470278989
1978,340901.7040268056
1979,318316.5663004435
1980,214229.47901649005
1981,346536.1142122749
1982,233581.8374313797
1983,217747.2126613675
1984,191541.65536045888
1985,228432.14883809828
1986,214376.66127395316
1987,208861.92653901386
1988,173039.8159114977
1989,192398.04058070504
1990,211822.80219526181
1991,246502.87261153827
1992,232365.6366995388
1994,237068.88835913665
1995,179819.75629652268
1996,296791.2326669926
1997,297565.6487612297
1998,337510.11997033993
1999,303888.599808577
2000,332483.8682537951
2001,280453.54285906814
2002,238668.380052172
2003,245135.2638224198
2004,297649.56422276376
2006,224627.76051729964
2007,248719.73355141922
2008,250735.6678278565
2009,203191.0014233652
2010,202103.9193763513
2011,125470.46583485755
2012,184769.95139966672
2013,179520.7266671284
2014,187083.87621932803
2015,220849.32125867927
2016,196345.52687368263
2017,204596.0946661142
2018,90623.3361280834
2019,131770.08344830957
2020,82461.47571463289
2021,98625.80006686866
2022,220464.74604714627
2023,127868.59972801304
2024,303054.9132096085
2025,363864.79819960566
2026,171556.32508706022
2027,154206.0839183831
2028,153139.8309294408
2029,169264.21086424054
2030,256820.21151830454
2031,227857.22759507492
2032,232869.95882328437
2033,241153.76486342738
2034,177925.85366844933
2035,221548.06661755836
2036,203747.65942302567
2037,226153.09630437044
2038,294593.35133265087
2039,234362.94568267534
2040,335127.91171811847
2041,297056.0208672818
2043,183753.9662320842
2044,168084.29353110178
2045,204477.33150064526
2046,156231.664245061
2047,137340.07930883137
2048,134747.1575922788
2049,127989.3731966397
2050,163103.67327178654
2051,108449.07969278784
2052,103782.97678098071
2053,142784.39687629626
2054,84514.17917044112
2055,171166.08258874994
2056,131523.6492364701
2057,97172.31101054477
2058,215934.07587752957
2059,128062.26991928415
2060,188997.3616829497
2061,172600.1322327708
2062,128179.33202650072
2063,113308.74153908668
2064,143952.2632400106
2065,131181.33494677173
2066,166352.18858457508
2067,85199.64120570698
2068,146268.48465349548
2069,85752.42086996115
2070,102724.06227776082
2071,91222.44619354955
2072,142206.80316854012
2073,124901.64615379705
2074,201656.34752341243
2075,155822.93170965964
2076,118233.35277650238
2077,169911.38393801358
2078,123018.37354442908
2079,121426.71647804242
2080,114136.0142423046
2081,120730.9282897613
2082,136953.76221699757
2083,152596.43025917187
2084,102595.99176734022
2085,103053.40277228341
2086,103031.18469280272
2087,109612.61111629358
2088,105646.82366619061
2089,69597.79746191704
2090,120107.47509551025
2091,101996.44609333423
2092,130690.5684559429
2093,137775.85032250348
2094,132522.85907715035
2095,167633.42535846028
2096,81679.53008685191
2097,95540.17925814434
2098,165726.62934874033
2099,28412.684161780053
2100,47145.113535066484
2101,108603.54881650023
2102,121633.53602746793
2103,92022.1080661132
2104,139735.50945026078
2105,147083.27172667172
2106,35801.5642906063
2107,194411.93299163354
2108,114639.07975100202
2109,110695.51299111266
2110,128615.6820860405
2111,186302.1658418593
2112,145139.18499911926
2113,124178.56718507374
2114,104904.60787015245
2115,166599.30941355333
2116,134217.85848582676
2117,146416.51448313706
2118,131441.1890544406
2119,112667.33883283299
2120,94803.1363147411
2122,122939.34596332978
2123,77055.4355454793
2124,180618.90697608225
2125,125197.69640162913
2126,160759.27274370205
2127,143843.07111764385
2128,145925.42520714656
2129,63697.59021791653
2130,143947.04820169962
2131,125294.42824877298
2132,125355.47584504541
2133,126601.47036909359
2134,110881.5996031703
2135,85584.59288221074
2136,53765.542304351926
2137,105145.78437512845
2138,140546.28633168782
2139,141580.43808437686
2140,150583.5717932916
2141,166955.24316361535
2142,137740.62597265886
2143,158547.75417656684
2144,126049.94433289883
2145,138381.00677425694
2146,179962.62056260766
2147,133332.5721396507
2148,136672.13292680064
2149,154392.35526165925
2150,226060.55361320858
2151,119302.81799474254
2153,205964.9347525019
2154,106346.56410194386
2155,132916.00485877972
2156,276613.8658759915
2157,239684.55554642063
2158,239942.74690693617
2159,236720.13457525428
2160,190707.53770510154
2161,235129.96806126786
2162,382161.1324415958
2163,331383.51709143375
2164,248075.66336470784
2165,190696.52298864047
2166,140478.82810829277
2167,221080.2894286894
2168,188749.52471080597
2169,195506.99277298746
2170,228585.34485564625
2171,148469.54266451602
2172,131327.43419782608
2173,158413.9877768854
2174,224643.93442374666
2175,278816.2974693988
2176,294260.96122476656
2177,240648.04528944427
2178,216221.37000774022
2179,133631.5846194449
2180,217147.40937351214
2181,190142.74896693695
2182,220838.9139334804
2183,193587.14808250987
2184,122873.74537720182
2185,105658.40753232839
2186,177780.06010202772
2187,154800.5987438563
2188,157826.52146083605
2190,87129.2598487091
2191,67179.66310310096
2192,96779.55651832954
2193,118094.28326476936
2194,110550.52176789008
2195,65163.37522853911
2196,98189.75446606509
2197,114483.45577264263
2198,158476.6194069843
2199,167447.3889750339
2200,153689.0812670762
2201,149906.97314612137
2202,188765.46076804108
2203,145902.65212446824
2204,184473.85746954835
2205,128719.91371004167
2206,169602.3295350275
2207,233472.9033474723
2208,254060.10526144202
2209,264233.3056503261
2210,125748.00126303919
2211,118866.76928885211
2212,111240.69770971034
2213,116354.9795375613
2214,141792.51857446262
2215,102419.49542234617
2216,166233.33551110455
2218,48813.46691178018
2219,25856.52106090146
2220,9322.213553432259
2221,320003.9514950698
2222,287849.9907956561
2223,278410.22298410477
2224,209874.43828959926
2225,97361.36235738872
2226,188476.2213708778
2227,202361.74766188313
2228,279992.7107232115
2229,267286.9010704432
2230,152154.63092989544
2231,228546.09874071064
2232,172161.09638381214
2233,188755.3712226454
2234,244605.47341726755
2235,226965.30457986612
2236,265831.58847621316
2237,312172.97632590507
2238,194490.64391020092
2239,130418.10801181884
2240,136808.12832303916
2241,158301.772815697
2242,129411.72652597865
2243,117991.29535691091
2244,107693.29683014937
2245,122098.63280378352
2246,137801.04207975348
2247,126258.36604807596
2248,114458.38831794937
2249,111950.24166413909
2250,122185.67639437318
2252,193976.92317478114
2253,160581.6606485648
2254,182479.56857552973
2255,186831.75514845725
2256,176685.12869736005
2257,199954.68730608118
2258,150022.9114389054
2259,172641.71498096304
2260,142679.08021273045
2261,224700.69740294572
2262,257594.16434491216
2263,366154.79439265514
2264,464336.19007251225
2265,151296.914855754
2266,300001.8968425334
2267,400606.0927525548
2268,464130.85338130966
2269,139519.05247083504
2270,193099.00935692748
2271,214629.90523647505
2272,193356.67567211878
2273,153967.02474220784
2274,178874.4466333919
2275,169383.02094678208
2276,199360.93024166056
2277,177324.1893713941
2278,148533.0714006615
2279,104616.5649824224
2280,102198.31615559699
2281,158824.02956455946
2282,168363.52919760067
2283,115864.20891658799
2284,107560.17136247503
2285,146871.45942495402
2286,113420.56632163213
2287,365410.16248187143
2288,314725.0671764198
2289,368446.34114515106
2290,427860.2006734988
2291,350096.7995786354
2292,399875.13659547095
2293,443424.74922722986
2294,379378.0252891487
2295,466552.6559043636
2296,304731.38867774024
2297,353925.2850452701
2298,345905.7963220088
2299,360862.0462776368
2300,336554.9864816974
2301,326573.28680929425
2302,281506.853649764
2303,263050.84306047915
2304,283762.90553495707
2305,244824.2699037264
2306,231354.45479325647
2307,226002.13146561082
2308,242855.04972668772
2309,281319.62145517755
2310,231068.18420470937
2311,220697.10904621496
2313,170718.4422891601
2314,192209.87042886647
2315,190164.91304497514
2316,205583.22956963
2317,206299.49282114056
2318,193226.76447926485
2319,193183.60271854512
2320,188841.05091097055
2321,239726.59375395684
2322,207071.14691626362
2323,193680.39641298214
2324,178356.92618072405
2325,225243.96176408883
2327,196834.51469644567
2328,220832.73543952382
2329,180756.72171436553
2330,172543.31916595227
2331,355064.07253780623
2332,380146.9545105597
2333,326679.9773949208
2334,277049.6530249497
2335,282887.0713768782
2336,327059.01718365087
2337,201339.0959956674
2338,255768.5039026694
2339,215198.87993619277
2340,390945.8786016713
2342,233234.0719323397
2343,224916.4163424963
2344,216433.14433205687
2345,230468.34405585332
2346,218117.36468191654
2347,213941.6570320269
2348,257840.691458005
2349,196774.4045675774
2351,275275.24899733043
2352,252231.28938619688
2353,260120.17483038048
2354,167288.05054868897
2355,157113.1494948361
2356,142025.93920022657
2357,196772.22799249983
2358,197040.88500469225
2359,107876.36030219123
2360,117527.87118348933
2361,156368.1883708738
2362,275817.14926094934
2363,120701.723528523
2364,179159.8933798516
2365,212229.85584304715
2366,193824.23707644758
2367,215258.13261224586
2368,205659.85902546812
2370,162309.4404590662
2371,161411.41117193468
2372,204114.19845382462
2373,293186.01785165607
2374,313133.0681451331
2375,241999.84918333008
2376,315950.95273122645
2377,362594.8168336798
2378,150377.3617361884
2379,224111.5376003146
2380,145487.2345261
2381,175925.79029451846
2382,212592.2547285218
2383,195104.50101050932
2384,238211.390226222
2385,158816.36834272777
2386,127827.12771306059
2387,135058.86965378863
2388,107042.14504822576
2389,135795.8742906797
2390,162192.0920598833
2391,140426.88930922246
2392,124326.13921846938
2393,177579.8093225892
2394,123296.91766654677
2395,206082.71854161262
2396,137046.6525110911
2397,223367.67894003505
2398,119945.86078609445
2399,82884.92023490951
2400,65608.31830706086
2401,130956.14225349587
2402,132445.28953377914
2403,141257.82947610738
2404,142070.40099147474
2405,164255.5350589957
2406,145593.33053121855
2407,102876.32735578052
2408,137869.5918348024
2409,96811.12077523989
2410,184187.03669772414
2411,113418.49154046271
2412,162071.9097034015
2413,124655.50116740889
2414,138668.0994927087
2415,130731.49184042157
2416,134369.92438154726
2417,135959.28944025352
2418,125160.18287630356
2419,111902.38373924932
2420,120727.4815588044
2421,138565.08214824856
2422,109683.41299885686
2423,113235.27343358891
2424,139809.75782859256
2425,233730.86064938852
2426,144395.79869696742
2427,151192.8960454017
2428,182845.3403230518
2429,90940.78163479338
2430,128377.82219331618
2431,92831.10291781905
2432,146765.86881813582
2433,156161.16119115986
2434,145083.68678556208
2435,169000.61986878992
2436,108120.2588846091
2437,97859.75418767182
2438,106374.10564344807
2439,98161.4909448378
2440,130076.07341038354
2441,101400.66215531516
2442,89990.46730322565
2443,139478.63947686972
2444,140450.54080811387
2445,78864.1691336711
2446,131658.39779107703
2447,205484.1903679045
2448,137421.0450695887
2449,108337.83578405378
2450,156275.62595484534
2451,111333.21238521463
2452,200599.9681631591
2453,82709.42160535417
2454,123326.10059879755
2455,123158.10300210782
2456,178948.1864726895
2457,145522.5144678218
2458,150599.15002122195
2459,115815.00519748451
2460,146918.20536034217
2461,124830.36519603303
2462,114161.79678410222
2463,139794.24460800213
2464,191282.40207790385
2465,151396.43411216524
2466,104739.17932642438
2467,117390.44378345239
2468,95903.15989337547
2469,95700.11201841163
2470,206164.08515665145
2471,226048.82841263595
2472,202514.89771996997
2473,104367.2635226968
2475,214634.47406851628
2476,97388.87312902394
2477,117478.62548745587
2478,152949.68874667492
2479,99933.02681204607
2480,157114.7557971354
2481,139726.54721344716
2482,94143.36183926777
2483,108780.24351203814
2484,134375.73964790546
2485,118806.20292950771
2486,145762.9596902877
2487,192476.29082870914
2488,171805.33982360084
2489,159794.3284917737
2491,77342.69604969281
2492,183890.62619545753
2493,147261.56061929406
2494,151731.59570443106
2495,67484.52548100275
2496,243970.2058129094
2497,164301.58176682133
2498,117615.33128127526
2499,87691.39841956377
2500,98881.5278850086
2501,134461.52786374942
2502,147725.8797707624
2503,95086.49551395827
2504,171520.4485635775
2505,227894.66045873926
2506,260703.2485584796
2507,309514.81712279166
2508,259622.89284444624
2509,213343.57648469566
2510,202512.0095563751
2511,179124.6786995714
2512,213702.84712894075
2513,222457.55714255385
2514,375969.7935578069
2515,156260.27746220655
2516,163945.72205469827
2517,129485.86594543816
2518,123025.91231022775
2519,238828.5584586095
2520,217455.9200394567
2521,192789.92142667156
2522,217659.18417826353
2523,113571.36432875611
2524,129540.82434754923
2525,164350.037441339
2526,172136.93806374993
2527,123684.7710072298
2528,142801.67622617306
2529,136909.44645393663
2530,111613.32280989515
2531,259682.4909208694
2532,220483.06157691148
2533,195609.24090359465
2534,246966.8481306599
2535,281913.7239487638
2536,227457.46667688095
2537,248770.32189470308
2538,196594.28469905793
2539,191961.1250373281
2540,187362.21357585257
2541,176789.34613869805
2542,164535.2746320609
2543,107677.26522025769
2544,115741.61542782455
2545,131074.89139715186
2546,124273.70272813516
2547,154125.93492496992
2548,168634.4723496443
2549,148720.0177386531
2550,763575.0204827411
2551,133801.3376801419
2552,120442.99817826448
2553,47738.284740417264
2554,82750.56765534682
2555,92076.78780395957
2556,94361.48509625148
2557,102015.41860227636
2558,210166.52020117803
2559,169313.36664040433
2560,160098.25166246202
2561,147545.53799908317
2562,160697.80925602908
2563,149606.5447002101
2564,181743.80257437017
2565,155454.0575019921
2566,151165.89724662516
2567,144268.63559926662
2568,231483.90331941703
2569,245136.34403553675
2570,122576.43659198249
2571,198768.73048405699
2572,165231.54778564523
2573,241331.91182805318
2574,385404.076654839
2575,151754.32218436594
2576,139665.77110635058
2578,66029.44062083587
2579,15405.630552626448
2580,83312.27229356929
2581,120200.22027514502
2582,131109.0605965358
2583,314400.07901283214
2584,184106.5581723844
2585,180139.12773030216
2586,231005.10622794996
2587,204249.4131094088
2588,132073.3632223747
2589,148350.43849499582
2590,207255.67964340304
2591,239950.9848788553
2592,233125.66060144384
2594,182545.7142335371
2595,200806.28451520938
2596,307536.60953928705
2597,178806.41887103545
2598,273417.02816647093
2599,375838.3885023439
2600,156117.79508093232
2601,105586.18231712945
2602,67303.3654454276
2603,105106.21211956744
2604,84984.38587968319
2605,65228.877306359005
2606,143285.60411607067
2607,193515.15485573106
2608,190141.264325583
2609,148868.09835206892
2610,117085.53120248904
2611,184977.6569818718
2612,154933.8436278361
2613,123027.31692554755
2614,99712.39925114485
2615,159446.89963251364
2616,161339.52936368447
2617,209043.08498370193
2618,247848.67824138748
2619,210368.95443994552
2620,172455.01659201854
2621,169112.14517159865
2622,176507.49721707113
2623,238692.63826965995
2624,296564.7226230608
2625,312564.508374837
2626,165742.32288746128
2627,178832.6557138326
2628,452459.83563874965
2629,480337.61225975864
2630,379583.93480565643
2631,445342.5842671563
2632,413962.50568206527
2633,313662.1940938496
2634,396500.9582748333
2635,130799.03241734626
2636,148423.9377750503
2637,173327.07219403377
2638,286131.63171160244
2639,194211.63315611728
2640,145677.08166641102
2641,93896.1776374717
2642,173326.7104865224
2643,99407.70258094114
2644,119643.30940171983
2645,107099.7867062618
2646,95205.88367726654
2647,98473.85792599549
2648,158250.9634361394
2649,151227.467791904
2650,132785.9174902005
2651,134821.91963684617
2652,382427.1625588506
2653,277476.7629469278
2654,285136.3451593162
2655,392413.7024827086
2656,349950.1860800843
2657,352403.5263454922
2659,332673.21570237284
2660,361372.1801376658
2661,366365.79419171705
2662,372484.2941858793
2663,294775.76040958625
2664,269671.9851202477
2665,332414.71727601846
2666,289899.8129313326
2667,192860.994568896
2668,200078.8340152814
2669,204730.52706378628
2670,287266.9284421265
2671,199613.82591634267
2672,197514.5436709862
2673,204474.37808009132
2674,200452.1954215538
2675,184146.1836688245
2676,193808.73039698368
2677,205033.87961802492
2678,241758.559231058
2679,280244.7957535557
2680,296103.59078181733
2681,394047.49434292235
2682,325876.90190386807
2683,463057.5597457669
2684,320536.40681553015
2685,349476.695329334
2686,273160.85818522517
2688,216144.8953597875
2689,216053.92850697692
2690,364310.5044313201
2691,199805.38880763552
2692,159552.19086043863
2693,220194.880813358
2694,152161.54299645172
2695,201481.0729833591
2696,188282.30657367746
2697,180969.0621665276
2698,228255.31606530375
2699,167608.84942432563
2700,140694.86387898808
2701,132211.9190778865
2702,90855.74327587057
2703,98374.18716415926
2704,155131.724156508
2705,101040.38146916404
2706,69095.42872661352
2707,98620.81621131545
2708,142944.14585118787
2709,126829.71976129652
2710,134075.2910095011
2711,372258.1846534044
2712,412376.679683349
2713,167675.43381137308
2714,150382.0868296444
2715,175976.2417542647
2716,131059.80958736874
2717,193588.9624887294
2718,227299.28126795636
2719,131995.7559669736
2720,186967.12162046554
2721,125799.23558097682
2722,173755.68285381852
2723,146845.0904611376
2724,109660.50630199618
2725,119342.39603424806
2726,149479.33530181495
2727,190447.63081266824
2728,176826.08797148708
2729,136075.73085250368
2730,144791.3500590179
2731,125720.28249961103
2732,132423.57620302518
2733,159386.9711982397
2734,119579.56631567469
2735,140383.7180992621
2736,132572.4450397977
2737,118580.66159459879
2738,117920.56924567919
2739,145754.23635171598
2740,143129.67369124235
2741,129563.0679169991
2742,159027.99204825645
2743,176935.16939573677
2744,164913.3648859599
2745,144292.7298481412
2746,134759.77306212788
2747,157281.2498355836
2748,111464.13451430632
2749,132871.61964358727
2750,117461.62116570433
2751,135351.9601291418
2752,176536.75915807602
2753,166250.9588488103
2754,221470.87258251105
2755,133002.15334112977
2756,87249.45267256978
2757,64569.18185950979
2758,66621.74938125408
2759,160070.71408924717
2760,120117.91985487635
2761,139110.58443253697
2762,128788.12675279996
2763,178432.5668541307
2764,147083.57761443802
2765,264083.6155196993
2766,131073.44321104803
2767,89782.88617371744
2768,137196.99473537132
2769,139047.20062648063
2770,143751.92004724813
2771,93524.3772314064
2772,99160.87963787746
2773,178693.9153389408
2774,161425.83265815757
2775,127299.11995689094
2776,151991.3673975584
2777,152022.7183429423
2778,119886.27302255656
2779,124672.83003940154
2780,116820.6233108415
2781,95709.42223116558
2782,96921.60832072666
2783,114318.44208432245
2784,122270.30793582508
2785,138518.36219408922
2786,42511.830602968694
2787,116814.78529426828
2788,58385.35666007048
2789,163314.0807164386
2790,103216.59834970278
2791,72335.85549643217
2792,66600.47400031646
2793,148941.0123030037
2794,94134.0609800861
2795,128714.19361087715
2796,97649.6736964474
2797,229796.01745349623
2798,109247.45680316514
2799,95241.92489750963
2800,75911.87572669238
2801,113818.00662788155
2802,125743.39202308434
2803,171894.3272108978
2804,139097.8428347743
2805,109064.47909945517
2806,73678.85855006333
2807,209863.39665622846
2808,164191.41149494704
2809,122272.70559522777
2810,124999.65470176726
2811,168873.9153351077
2812,167622.1153397914
2813,150437.85758659465
2814,150843.84483122593
2815,87057.88294234872
2816,212768.63927983877
2817,144006.59312496881
2818,125878.78820775275
2819,199460.3569830933
2820,137401.01646509673
2821,102146.8631476456
2822,178317.01702893584
2823,319461.7401088006
2824,178038.31771172024
2825,154177.05853881175
2826,146410.3568864311
2827,132588.67160454276
2828,239837.45308294194
2829,215185.9075289272
2830,239706.4368513059
2831,191829.56599089678
2832,264556.9206389168
2833,296167.77732039767
2834,243309.31021378632
2835,219319.32532021182
2836,206068.6874385347
2837,171004.24366679334
2838,136993.2076458761
2839,160566.08010724897
2840,205706.33040238172
2841,203705.5264452761
2842,225525.18365630857
2843,141274.56830274814
2844,167758.91503661568
2845,113113.83999716735
2846,203815.45594410773
2847,201494.47045157908
2848,217772.83933807013
2849,201578.56200269912
2850,276012.6492576081
2851,202259.46710974607
2852,238038.2254397868
2853,229783.04863299662
2854,138599.562363634
2855,209843.8334434484
2856,212098.45550858346
2857,196859.03759855498
2858,218124.90963296779
2859,82157.01656061574
2860,132289.81955762522
2861,136205.3605463592
2862,188809.50636187044
2864,263533.1874870724
2865,137601.01233643864
2866,137135.40998068056
2867,81149.8207532335
2868,96585.42931828089
2869,90659.47927234473
2870,108013.0362993856
2871,64504.5527013971
2872,32547.50698790385
2873,71606.70227257407
2874,135605.1974673255
2875,113748.12153419293
2876,149102.41990047845
2877,154880.46326369396
2878,150346.13563936343
2879,159028.1511153134
2880,106768.0545536686
2881,145019.9574524681
2882,203610.8794155995
2883,213699.28551138728
2884,196285.44878470153
2885,174746.68385358877
2886,254412.20177948964
2887,116241.70342434559
2888,154889.99362142792
2889,41824.47487268306
2890,68968.42680218373
2891,160095.85628714145
2892,15216.423359623179
2893,49844.02867708402
2894,25280.544792289147
2895,338168.5743978005
2896,289017.7994450871
2897,197185.48520350468
2898,128595.73263669864
2899,208163.4636162673
2900,155361.78501683613
2901,215254.20961801568
2902,178628.02248158422
2903,310485.0211347556
2904,336909.43112072337
2906,194721.82625073742
2907,107245.53601271962
2908,102116.40488128446
2909,125872.93815510988
2910,82410.66776636173
2911,66170.98273473885
2912,142222.36025500204
2913,67893.68398313248
2914,64703.88684431836
2915,85045.23099227552
2916,71060.05523714633
2917,172986.70762927423
2918,113856.1677743271
2919,225849.86746402294
